---duration
242
---screenLocation
617.0 503.0 843.0 563.0
---digits
48.264878679066896 26.671014726161957 10.922436378896236 13.228724598884583 0 0.9101761
24.454365767538548 26.886158287525177 12.545766696333885 13.714680075645447 0 0.7394878
155.8525673672557 21.42502471804619 12.577614679932594 10.900478661060333 4 0.61605585
133.48324980214238 26.832955330610275 11.877081118524075 13.68368536233902 7 0.58268386
111.63422555848956 26.419672966003418 11.078771688044071 13.506495952606201 6 0.352978
