---duration
291
---screenLocation
304.0 334.0 694.0 438.0
---digits
103.36849808692932 36.62826782464981 19.5610249042511 23.92144477367401 0 0.9264261
297.8688656911254 33.40696710348129 20.828499868512154 22.739413857460022 4 0.84649307
258.19330986589193 37.64209592342377 20.12828953564167 24.427172899246216 7 0.7588455
142.87753399461508 36.68065690994263 19.721534326672554 22.54150676727295 2 0.7461101
180.7806613482535 37.71342182159424 20.24399410933256 24.200978755950928 6 0.73933005
60.6216112151742 35.42511111497879 21.37066774070263 24.854079127311707 0 0.7286728
217.7669608220458 36.72271943092346 21.083878353238106 25.385523319244385 5 0.55697405
