---duration
257
---screenLocation
535.0 355.0 729.0 417.0
---digits
46.689079005271196 20.207441464066505 9.804623447358608 14.439846724271774 0 0.93211323
150.9859874136746 16.051941454410553 10.987867139279842 12.717851877212524 4 0.89063346
88.0841264538467 20.86549562215805 9.638662613928318 14.518378615379333 6 0.8899899
128.25585144758224 20.888568863272667 10.234088063240051 15.356067210435867 7 0.87783533
23.948528479784727 20.375423103570938 11.362560011446476 14.86185759305954 0 0.7491697
67.36088992282748 20.019695430994034 10.868737675249577 14.46510261297226 2 0.3849907
150.2392594218254 27.777886942029 11.598025679588318 9.601037591695786 5 0.3147239
