---duration
265
---screenLocation
443.0 307.0 701.0 391.0
---digits
67.52459757775068 23.78711235523224 12.896175876259804 18.70388102531433 0 0.9372104
39.061648327857256 24.095062494277954 14.247218571603298 19.042184829711914 0 0.82870734
92.8354752548039 24.547069877386093 14.416092060506344 19.43703156709671 2 0.6551299
119.15962558239698 26.78492107987404 12.442663326859474 19.194660365581512 6 0.6023026
170.73851620405912 27.9733647108078 13.58384920656681 19.659226655960083 7 0.5708741
143.72190229967237 26.812470316886902 13.432453773915768 19.638148069381714 5 0.5165762
198.10206303745508 22.70940139889717 12.428165718913078 15.318949162960052 4 0.47199237
