---duration
265
---screenLocation
309.0 345.0 708.0 448.0
---digits
106.67807062715292 36.79998975247145 19.070055440068245 22.17429853975773 0 0.8692683
258.4841009415686 38.566782757639885 21.37515925616026 22.81850990653038 7 0.8376799
63.47003812529147 34.76447055488825 21.251448433846235 24.954658016562462 0 0.66104037
299.4456662591547 32.787028931081295 21.61914287880063 20.263454273343086 4 0.6315122
144.78976914659142 36.306071758270264 20.075720719993114 21.400849223136902 2 0.5819392
220.01464301347733 36.57206750661135 20.956208109855652 23.831329688429832 5 0.45159435
