---duration
275
---screenLocation
535.0 442.0 885.0 530.0
---digits
95.31614184379578 35.38740003108978 16.716274619102478 18.903393983840942 0 0.8070283
159.29348217323422 36.77367001771927 15.899287723004818 18.41889798641205 6 0.70086825
257.9451000317931 30.623732268810272 17.171232774853706 16.295299172401428 4 0.60905993
59.60625410079956 35.39298617839813 18.244221806526184 21.188699960708618 0 0.44317263
223.85469833388925 37.09471219778061 16.97463672608137 19.062865376472473 7 0.41373056
