---duration
287
---screenLocation
755.0 438.0 1015.0 513.0
---digits
160.4621147736907 31.383768282830715 13.3352280408144 16.737358644604683 7 0.74102473
36.057720109820366 27.171658538281918 13.64034965634346 18.285484984517097 0 0.7071261
87.51662619411945 27.793502435088158 13.39272364974022 17.108584195375443 2 0.6895812
63.10180079191923 27.807658910751343 12.672005668282509 17.150071263313293 0 0.6452385
185.3336825966835 25.996921956539154 14.258787035942078 15.476033091545105 4 0.57152283
112.50663045793772 30.200080387294292 12.025735303759575 16.8045524507761 6 0.36169454
