---duration
262
---screenLocation
568.0 469.0 830.0 541.0
---digits
194.4846462495625 23.936004281044006 12.599404238164425 14.510392427444458 4 0.6806813
168.57372964918613 29.322166442871094 13.011337012052536 15.902589797973633 7 0.6209263
95.13973826542497 26.332161605358124 12.6976822540164 15.580768704414368 2 0.54542196
119.85482725128531 28.923737704753876 12.300664134323597 14.949299454689026 6 0.4881226
70.03783648833632 26.30803942680359 13.041686542332172 16.10487985610962 6 0.3411529
