---duration
275
---screenLocation
563.0 437.0 890.0 518.0
---digits
84.75346069224179 33.994279101490974 16.138374891132116 17.778315156698227 0 0.9596598
49.7421496566385 35.23375155776739 16.926806140691042 17.721343830227852 0 0.91329503
148.90223487094045 33.92329819500446 15.881283782422543 18.599843591451645 6 0.86345035
248.0412938632071 28.61375306546688 17.074710242450237 15.068516939878464 4 0.8292421
213.4151377044618 35.12931217253208 17.017441637814045 19.06944152712822 7 0.70550287
115.97351932525635 33.67867972701788 17.670948386192322 18.2242741137743 2 0.5687224
