---duration
279
---screenLocation
572.0 466.0 823.0 534.0
---digits
190.00755243375897 23.655603289604187 13.005051515996456 14.666568517684937 4 0.7825034
34.5089573841542 26.9477137029171 14.116951528936625 16.315693199634552 0 0.7750652
62.32864358834922 26.181756377220154 13.100711587816477 16.09572958946228 0 0.7051707
163.67698932997882 28.87085485458374 13.15957472100854 16.491512298583984 7 0.6252047
138.00023693963885 28.074547797441483 12.537434078752995 15.730287492275238 3 0.3889413
