---duration
310
---screenLocation
555.0 432.0 876.0 517.0
---digits
86.20254436321557 34.16385594755411 15.438394244760275 18.590891286730766 0 0.9187043
52.09989820048213 35.07014911621809 18.018055088818073 19.79945696890354 0 0.890431
147.44257064536214 35.683803521096706 14.77777525037527 18.781258538365364 6 0.6479273
208.5398545023054 36.59547783434391 16.93991856649518 19.750770181417465 7 0.6069011
116.370270665735 34.48726736009121 16.462209530174732 18.589081317186356 2 0.587915
240.63042894378304 29.45964567363262 19.30033092945814 16.019841581583023 4 0.5460594
