---duration
268
---screenLocation
355.0 372.0 678.0 457.0
---digits
84.21361877024174 30.55675510317087 16.602577298879623 18.756167218089104 0 0.890973
117.00181787833571 30.52448596805334 17.421664007008076 18.44207353889942 2 0.8584785
243.10347011312842 28.65754544734955 19.789100117981434 15.193013548851013 2 0.634733
48.96929722838104 29.019911736249924 18.032381866127253 20.116191506385803 0 0.57931733
148.41453218273818 31.640397422015667 17.721216563135386 20.304743722081184 6 0.39762253
212.64983381330967 34.65617969632149 17.371745198965073 18.004989326000214 7 0.35573092
