---duration
259
---screenLocation
637.0 360.0 834.0 420.0
---digits
39.25847397558391 17.804006785154343 9.97949219122529 13.699585497379303 0 0.88798606
116.50676455721259 19.01487573981285 10.296292252838612 14.149785339832306 7 0.8698051
137.1943427734077 14.726230949163437 10.243987001478672 11.435268223285675 4 0.8667993
18.205234188586473 19.089210480451584 11.5739341750741 13.82317453622818 0 0.75825644
78.28101546876132 19.553285390138626 9.573561403900385 13.646751344203949 6 0.6847252
58.311403738334775 18.354096561670303 11.040602173656225 13.757079541683197 2 0.5876614
