---duration
255
---screenLocation
743.0 405.0 1001.0 471.0
---digits
69.88219802454114 22.904699832201004 12.720221780240536 14.959610044956207 0 0.89468455
42.191588558256626 21.49462839961052 14.316576227545738 16.25430589914322 0 0.83581907
169.29164262861013 24.12636861205101 13.840238884091377 15.416242182254791 7 0.6855734
195.4843677766621 21.531980842351913 13.197047375142574 13.687986552715302 4 0.6613232
94.4783635251224 22.709031254053116 13.076385833323002 14.2300985455513 2 0.5784664
119.1518904492259 23.882137924432755 12.621447935700417 14.9263134598732 6 0.5145416
