---duration
283
---screenLocation
317.0 347.0 667.0 444.0
---digits
94.90893138572574 32.81654658168554 18.54454968124628 23.009993508458138 0 0.89685047
55.80976875498891 31.27341465651989 19.6144824847579 25.232796758413315 0 0.8574563
267.2372944653034 32.2372569963336 19.681285321712494 20.451942697167397 4 0.7740272
163.08972761034966 35.03105894476175 19.118396937847137 23.27463410794735 6 0.7597884
268.72527599334717 45.3224373832345 18.583619594573975 16.96174816787243 5 0.60635144
196.56176399439573 35.02825195342302 19.885006919503212 24.11429165303707 5 0.5173168
129.12627216428518 33.9528114721179 18.82854290306568 21.573906674981117 2 0.47784558
