---duration
283
---screenLocation
485.0 369.0 851.0 463.0
---digits
96.70103270933032 33.95238234102726 18.334247566759586 20.932490319013596 0 0.8525962
279.04248402267694 30.777141377329826 18.453663155436516 19.0376698076725 4 0.8284407
56.75553388148546 32.221094623208046 19.515730127692223 23.191189855337143 0 0.766988
132.89411928132176 33.7506872266531 18.211059294641018 21.00738063454628 2 0.7545105
204.036084741354 34.33396492898464 18.47113448381424 23.181538969278336 5 0.64056
279.4441670961678 44.412211552262306 18.381589494645596 15.84111425280571 5 0.38669518
169.28452592343092 34.3476365506649 17.782782688736916 23.30041855573654 6 0.38041008
