---duration
259
---screenLocation
317.0 375.0 663.0 459.0
---digits
93.26302372664213 30.71098619699478 17.351966872811317 18.535695433616638 0 0.8769873
261.53876965120435 29.777848184108734 17.282246254384518 15.381352543830872 4 0.81467706
55.56414982303977 30.09618490934372 19.206337340176105 19.96727192401886 0 0.77542585
161.0080729648471 33.51493826508522 16.259019389748573 18.141972720623016 6 0.6905562
127.28724363446236 31.645181894302368 17.32307118177414 17.637660026550293 2 0.68743706
193.12939277663827 33.7535537481308 17.386336736381054 18.45018696784973 5 0.6658459
227.2942513562739 35.71408823132515 17.157542876899242 18.462802827358246 7 0.60640526
