---duration
251
---screenLocation
442.0 393.0 901.0 514.0
---digits
208.09387923404574 49.83405078947544 21.754352129995823 27.156916469335556 6 0.8838327
350.4227183293551 41.93385753035545 23.35821357741952 23.93984144926071 4 0.8315795
114.64483380317688 47.261337369680405 24.13498556613922 27.43221551179886 0 0.8153834
65.54322485625744 48.60939232259989 24.717407673597336 27.5612825602293 0 0.8038522
300.9474337287247 52.58268867433071 23.55465980619192 27.34908452630043 7 0.7150882
162.56173880584538 48.2103506103158 24.257505621761084 26.70778088271618 2 0.59065586
253.41070459596813 49.82201459258795 23.424694810062647 27.46829254925251 5 0.54449546
350.2492199242115 60.495060570538044 24.345837771892548 21.322625383734703 5 0.45505068
