---duration
270
---screenLocation
743.0 420.0 1000.0 489.0
---digits
192.30425532720983 24.261350467801094 13.214616257697344 13.793235808610916 4 0.8294228
166.3802411481738 30.207463145256042 12.396352663636208 15.39614188671112 7 0.7742543
116.80330348014832 28.557135343551636 11.899159729480743 14.98185110092163 6 0.7406226
66.81791568361223 26.55530720204115 12.861167300492525 15.403294935822487 0 0.625319
39.88044519349933 25.58008401095867 14.079306073486805 16.516128212213516 0 0.6233294
141.27029906772077 29.096820920705795 12.140260715037584 14.921357095241547 4 0.35633582
