---duration
262
---screenLocation
589.0 467.0 841.0 530.0
---digits
200.88531406223774 21.428840652108192 12.457454055547714 11.97629901766777 4 0.77534544
122.79902856051922 25.634473510086536 11.613200336694717 14.308638677001 6 0.74282473
147.27681901305914 25.094377130270004 12.292403653264046 14.788670003414154 5 0.6528142
98.00779771059752 23.100160092115402 12.000223651528358 15.0925133228302 2 0.615929
173.45146353542805 25.68313528597355 13.39712843298912 15.505688041448593 7 0.5078774
