---duration
284
---screenLocation
417.0 382.0 911.0 502.0
---digits
140.10011088103056 43.869705498218536 23.87198795378208 24.7917240858078 0 0.81092197
188.5418432354927 44.562090039253235 23.699534058570862 24.69744086265564 2 0.7811259
377.5003611035645 40.3824108839035 24.832707606256008 21.81541085243225 4 0.6916029
89.25703946873546 41.69699102640152 25.580363608896732 27.61799991130829 0 0.67668015
376.82215593382716 58.486269414424896 25.274977959692478 19.71194565296173 5 0.46389028
327.440611500293 48.9571675658226 25.193994008004665 25.05811035633087 7 0.456551
