---duration
276
---screenLocation
462.0 430.0 721.0 499.0
---digits
68.22176639735699 24.764576263725758 12.89051428437233 15.063207909464836 0 0.79942834
164.91909558698535 26.133816070854664 14.216795422136784 15.539794072508812 7 0.73535293
40.61470867693424 23.482310213148594 14.780370205640793 16.6083652228117 0 0.67498505
92.42280164733529 25.32028602808714 13.511293105781078 13.551744058728218 2 0.66008276
140.69183860346675 25.73309777677059 14.1870471611619 14.822678536176682 6 0.47688323
116.54070202820003 26.023383870720863 12.873049531131983 14.940154284238815 6 0.31397894
