---duration
301
---screenLocation
535.0 443.0 890.0 527.0
---digits
66.96645819582045 36.43738666176796 17.476580571383238 17.734069526195526 0 0.74822587
164.851958071813 34.42148020863533 16.337892580777407 19.044541776180267 6 0.69749504
101.81740831583738 34.828077256679535 15.877073779702187 17.566516041755676 0 0.66203266
229.5689683780074 36.894502222537994 17.299531176686287 18.083151698112488 7 0.6319322
263.62615923397243 29.54039490222931 18.239536676555872 15.333159685134888 4 0.5319783
