---duration
279
---screenLocation
460.0 383.0 841.0 486.0
---digits
101.93709040805697 37.65030436962843 18.569726921617985 23.035031512379646 0 0.92465895
290.9092295654118 33.99837916344404 20.10528340190649 20.085353806614876 4 0.8640351
59.78887786343694 36.39199633151293 20.70039378851652 25.337368354201317 0 0.7880917
139.79362098500133 37.49131931364536 20.25442150980234 22.683206349611282 2 0.77551216
252.71875983662903 41.202724151313305 19.611963506788015 23.739102378487587 7 0.6038076
177.573615308851 40.32270770519972 18.66130245476961 23.22940720617771 6 0.5876681
291.13337955996394 50.358554661273956 19.995443858206272 17.208299160003662 5 0.54966
214.39384851045907 40.27069343626499 19.780580576509237 23.412890285253525 5 0.38964555
