---duration
257
---screenLocation
433.0 371.0 930.0 499.0
---digits
375.6920615192503 43.52402210235596 25.211199808865786 22.353078842163086 4 0.788903
325.7330069001764 48.72478008270264 25.47659682109952 27.240076065063477 7 0.7551184
137.9457265008241 45.24183464050293 23.87078418955207 27.61539077758789 0 0.59131783
184.95521189272404 45.90658760070801 23.727082401514053 26.258708953857422 2 0.5789473
83.4183038175106 40.97356605529785 26.606205999851227 31.99454116821289 0 0.4770393
230.26038833893836 47.20799541473389 24.652867030352354 28.901430130004883 6 0.42893803
