---duration
259
---screenLocation
458.0 388.0 850.0 494.0
---digits
182.33850303292274 42.999022126197815 17.912942111492157 23.655986547470093 6 0.855059
297.36646504700184 36.41515053808689 20.118992894887924 19.119828432798386 4 0.80233485
258.18049880862236 45.501626402139664 20.51535564661026 24.31001967191696 7 0.7338023
218.88708195090294 43.03681853413582 19.237137138843536 23.901542365550995 5 0.7007958
104.30641259253025 40.452789053320885 19.522069185972214 24.305165797472 0 0.60604525
62.73745372891426 41.174279659986496 20.946819961071014 25.033611834049225 0 0.38931122
143.11353473365307 40.31169578433037 20.495254427194595 23.704651653766632 2 0.3867287
