---duration
252
---screenLocation
366.0 321.0 716.0 410.0
---digits
100.43410556390882 30.039614498615265 16.630049608647823 19.87159752845764 0 0.7444069
264.7967756725848 29.297915384173393 17.28315930813551 19.795444279909134 4 0.68538857
231.0388750396669 32.5670205578208 16.948609240353107 20.035544112324715 7 0.55471987
195.75498951599002 30.915693819522858 18.08388326317072 20.20464962720871 5 0.53499484
133.67198389023542 30.227205298841 16.908198967576027 19.087260976433754 2 0.32619038
