---duration
286
---screenLocation
467.0 382.0 886.0 488.0
---digits
108.71627893298864 39.18578487634659 20.07364894449711 23.97975718975067 0 0.91397
316.14773422665894 36.371747612953186 21.222882505506277 18.84495508670807 4 0.9121912
191.909832816571 42.642552986741066 19.312159277498722 22.79238387942314 6 0.8027758
149.86700546741486 39.77209831774235 21.58025759458542 23.024371594190598 2 0.67909354
273.1944436747581 44.137062191963196 20.326678093522787 23.29308795928955 7 0.60392994
63.43698704242706 38.80334600806236 22.00264871120453 25.15831834077835 0 0.5829782
315.358075838536 53.64186605811119 21.278114832937717 16.53337675333023 5 0.40904778
231.62110749818385 42.689507469534874 20.63309459015727 23.05741837620735 5 0.32074147
