---duration
270
---screenLocation
601.0 482.0 842.0 543.0
---digits
59.50485172867775 25.697443515062332 11.93680888414383 13.508204638957977 0 0.88500834
107.13409770466387 26.65517245233059 12.394981484860182 14.151223331689835 6 0.7854441
32.138812905177474 26.028386615216732 13.5577498562634 14.131654098629951 0 0.75115526
154.50704521499574 27.186630427837372 13.862799037247896 14.430915474891663 7 0.695235
82.7290643248707 25.617367275059223 13.64758501574397 13.866236433386803 2 0.5691156
129.9009484089911 26.684694916009903 12.838322512805462 13.764818012714386 6 0.3575504
179.0628098398447 22.37750117480755 15.375327676534653 11.189847260713577 4 0.32905445
