---duration
261
---screenLocation
548.0 439.0 903.0 526.0
---digits
165.14231143519282 35.67894744873047 16.52231875807047 18.972766757011414 6 0.81874585
67.31942692771554 36.94879429042339 16.159340851008892 18.423878341913223 0 0.57923436
263.36330944672227 30.90361149609089 18.091005198657513 15.63181945681572 4 0.57104266
229.30497729219496 37.54148355871439 17.203261386603117 18.629901096224785 7 0.5663802
101.48762460798025 35.166718661785126 16.054878309369087 18.067681789398193 0 0.4733523
