---duration
283
---screenLocation
472.0 382.0 864.0 489.0
---digits
101.89787177741528 39.93431802093983 19.239291101694107 24.395606189966202 0 0.9181066
181.74219411611557 42.4202813282609 17.858615517616272 24.40937404334545 6 0.8314599
299.3862608373165 35.70144770294428 19.51938658952713 19.678672656416893 4 0.79050225
58.22431889176369 39.20107738673687 21.183309018611908 25.835230976343155 0 0.77882254
219.66667120158672 42.35644297301769 19.294631153345108 24.814136177301407 5 0.7687274
259.49885988235474 44.35308385640383 19.812649726867676 24.516806349158287 7 0.72060597
141.72759909927845 40.07326651364565 20.165746301412582 23.869125708937645 2 0.66181344
