---duration
284
---screenLocation
867.0 310.0 1029.0 363.0
---digits
9.87331035733223 11.198965579271317 9.620949625968933 13.42087596654892 0 0.89777464
91.68627396225929 12.233659029006958 9.138485133647919 13.528270900249481 7 0.8574379
27.64344873279333 11.942875146865845 8.595725253224373 12.246149897575378 0 0.8287762
110.43076915293932 9.485729940235615 9.819571360945702 11.824381694197655 2 0.57083017
43.742342703044415 11.900343723595142 8.907559409737587 11.812333092093468 2 0.47579274
