---duration
271
---screenLocation
462.0 315.0 742.0 393.0
---digits
70.47508701682091 24.823301285505295 13.179655373096466 15.506413757801056 0 0.8516969
171.84199631214142 27.56812021136284 15.131629705429077 16.895685732364655 7 0.8433089
197.70585492253304 26.82246083021164 16.582666337490082 15.43359625339508 2 0.53941864
41.6241268068552 25.393933072686195 14.384396523237228 15.91110822558403 0 0.5368651
122.42979802191257 27.187994822859764 12.845184057950974 15.692818433046341 6 0.3831465
