---duration
289
---screenLocation
187.0 323.0 476.0 402.0
---digits
76.57837741263211 24.782703027129173 13.599334921687841 17.537461072206497 0 0.88127005
45.03711515106261 24.70640216767788 15.154608439654112 18.032785683870316 0 0.7097326
132.3648214172572 27.57279223203659 13.186539385467768 16.689033091068268 6 0.6302331
215.42387622594833 25.610630802810192 15.917550563812256 18.248989894986153 4 0.62903994
185.65638095140457 27.513195723295212 15.133848190307617 17.80884850025177 7 0.541839
