---duration
283
---screenLocation
316.0 342.0 694.0 443.0
---digits
102.53117852658033 35.37338059395552 18.938928857445717 22.50060583651066 0 0.884636
250.838001139462 36.74395091831684 18.325664028525352 22.560934454202652 7 0.88097596
176.68705552071333 35.175877928733826 18.952942863106728 23.43871772289276 6 0.8351165
60.7005572989583 34.219483092427254 19.848966166377068 24.288423389196396 0 0.75530666
212.72445691376925 34.81613214313984 19.88941977918148 23.932745665311813 5 0.7551192
287.1147178709507 31.839390069246292 20.288889348506927 21.414433360099792 4 0.6572399
139.7384339645505 34.64459102600813 19.59740124642849 21.690701857209206 2 0.5850605
