---duration
278
---screenLocation
469.0 438.0 911.0 550.0
---digits
134.6014878936112 46.44399440288544 19.67783423513174 23.093477487564087 0 0.8737475
88.45613399520516 47.3670871257782 22.48043566197157 24.232941150665283 0 0.83260304
217.41447034478188 49.77388620376587 19.675412118434906 24.505146980285645 6 0.74009323
296.2291160784662 50.68319857120514 23.560067422688007 25.029526472091675 7 0.4317027
176.55469704419374 48.02600574493408 21.768012270331383 23.414621353149414 2 0.3873857
257.2665780596435 49.25623917579651 21.019153393805027 24.441230297088623 5 0.35898048
