---duration
301
---screenLocation
512.0 308.0 775.0 384.0
---digits
170.8304890487343 26.10588812828064 15.281218033283949 17.282232761383057 7 0.8129613
119.8932644482702 26.308642596006393 13.374651301652193 16.216220438480377 6 0.7513691
68.95473138988018 23.50741082429886 13.696398705244064 16.887821078300476 0 0.7302392
40.13307881914079 23.152578473091125 15.390477944165468 18.088908672332764 0 0.6275172
197.41780936159194 21.31548434495926 15.595545779913664 12.056327223777771 2 0.43141833
95.38304491713643 24.72647327184677 13.96428819745779 15.825682997703552 2 0.34721285
