---duration
303
---screenLocation
277.0 252.0 555.0 330.0
---digits
123.16583673283458 23.318367451429367 12.865117229521275 16.946687042713165 6 0.8245723
39.300385769456625 22.413664877414703 15.078338749706745 16.709730863571167 0 0.76471275
69.55140249431133 22.0588535964489 13.274130254983902 16.009639084339142 0 0.6329793
203.45165968686342 20.05541682243347 14.859952196478844 13.082305669784546 4 0.6319872
175.43555007129908 25.06497810781002 14.334241196513176 17.287146359682083 7 0.50663054
96.6161574088037 22.724457308650017 14.279892332851887 16.08093050122261 2 0.39924634
