---duration
301
---screenLocation
412.0 293.0 683.0 368.0
---digits
126.01267798617482 24.51379168778658 12.984727881848812 16.923778876662254 6 0.68819654
44.584653759375215 21.088514104485512 16.1937466673553 18.508031219244003 0 0.66064286
178.71629360876977 25.19296333193779 14.671160031110048 17.24996119737625 7 0.5618121
73.89966690912843 21.697102300822735 14.264074675738811 16.7872566729784 0 0.4710093
100.52850205264986 22.67345990985632 13.856555212289095 16.153137758374214 2 0.31158715
