---duration
290
---screenLocation
613.0 464.0 854.0 525.0
---digits
181.34377779625356 21.232725128531456 13.149583537131548 11.781979948282242 4 0.8413798
110.79953641816974 25.120710611343384 11.02404049783945 13.030925869941711 6 0.7197383
64.22607442364097 23.45504519343376 11.897537536919117 13.261902630329132 0 0.66686136
87.58366119489074 23.26475578546524 12.889924176037312 13.536691784858704 2 0.42640352
38.238568341359496 22.582242764532566 13.468623954802752 14.98611031472683 0 0.31728256
