---duration
296
---screenLocation
446.0 397.0 915.0 515.0
---digits
303.3427950106561 43.50622256100178 24.43296194821596 26.612165302038193 7 0.8310702
127.06713339500129 41.34692403674126 23.207298699766397 24.88686567544937 0 0.7288904
79.02039483189583 38.49132053554058 23.87685802578926 28.16210773587227 0 0.5615223
171.93445099517703 41.805562511086464 21.875802911818027 24.23951455950737 2 0.4826902
350.73908993788064 39.08782757818699 23.769140299409628 22.191614598035812 4 0.40428847
258.55545021779835 41.161456406116486 22.754514899104834 27.56535804271698 5 0.39847794
215.09506121464074 41.07566802203655 23.09163313731551 27.508449465036392 6 0.38398328
