---duration
253
---screenLocation
461.0 385.0 888.0 498.0
---digits
315.74799585714936 39.30471731722355 21.11490296572447 20.898611813783646 4 0.848613
187.3623497504741 45.52812296897173 19.794093128293753 25.465359076857567 6 0.825909
229.07304221205413 45.592556454241276 21.450567487627268 25.618931218981743 5 0.8166474
271.6732503492385 47.10579788684845 20.882207568734884 26.895445346832275 7 0.7979598
104.38899552822113 42.48827890306711 19.497108042240143 25.79473666846752 0 0.7029036
57.73758256062865 42.00503197312355 22.203443713486195 26.95601612329483 0 0.65056676
146.62729022465646 42.353143870830536 20.660950887948275 25.366102278232574 2 0.48909783
