---duration
304
---screenLocation
600.0 295.0 871.0 371.0
---digits
71.76206118613482 23.86470463871956 12.955872818827629 17.016479671001434 0 0.923545
42.52289630845189 23.493617683649063 14.674631886184216 18.0049290060997 0 0.7664338
173.6601393967867 25.573166221380234 14.976874083280563 18.01735693216324 7 0.7646115
201.32346317730844 23.894162356853485 14.441757131367922 16.591734290122986 4 0.63367146
123.04105726070702 26.52969580888748 12.458264824002981 16.199105143547058 6 0.63216966
97.7576527800411 25.076703757047653 13.317187029868364 15.472479164600372 2 0.33269966
