---duration
289
---screenLocation
309.0 246.0 578.0 327.0
---digits
126.36049481108785 22.053138077259064 13.051148138940334 19.227883636951447 6 0.8494613
72.85635242052376 19.742224842309952 13.419742699712515 18.637991845607758 0 0.844232
42.52787224948406 18.985423274338245 15.503216236829758 19.9507125467062 0 0.81094176
179.27870501950383 24.581024184823036 14.008581481873989 18.97727546095848 7 0.7883288
206.15416291356087 18.907892011106014 14.036225497722626 15.928865924477577 4 0.7295156
99.69356204383075 20.239039286971092 13.660746488720179 18.418210297822952 2 0.3352446
