---duration
300
---screenLocation
521.0 423.0 905.0 528.0
---digits
98.27308344841003 39.51239883899689 18.85544443130493 23.46235066652298 0 0.9058919
271.7094340324402 36.18864119052887 22.524521827697754 20.087204575538635 4 0.6570671
236.8132131099701 45.208196863532066 20.160545825958252 23.776098042726517 7 0.6032929
58.90350580215454 37.780003286898136 19.98852825164795 25.696435198187828 0 0.4453656
135.1932806968689 39.84620936214924 19.836682319641113 22.080873996019363 2 0.4194748
168.77918100357056 43.36509257555008 17.291110038757324 23.242170810699463 6 0.41368324
272.6654191017151 51.16429556161165 21.78772258758545 19.64469037950039 5 0.38067025
202.89051032066345 42.764617279171944 19.39491319656372 23.66706892848015 5 0.30778205
