---duration
284
---screenLocation
338.0 352.0 705.0 439.0
---digits
241.32760374993086 32.41344939172268 17.635323897004128 18.29454419016838 7 0.868182
277.1593633554876 28.630629636347294 18.446294970810413 17.104348227381706 4 0.7634504
170.86263038776815 31.47433130443096 17.526516754180193 18.954552322626114 6 0.71842957
61.56543296203017 28.553314223885536 20.451567478477955 21.666732162237167 0 0.69478714
101.61082009598613 30.908819787204266 18.01125780493021 18.618334606289864 0 0.6492491
204.658735293895 30.876007229089737 18.71460708230734 19.347167372703552 5 0.5725524
137.24877830035985 31.122855596244335 17.014203753322363 17.56477542221546 2 0.3506571
