---duration
291
---screenLocation
756.0 381.0 1013.0 452.0
---digits
106.76426156423986 25.43103824555874 12.545799870043993 15.89061489701271 6 0.91348404
57.26655733026564 24.421864233911037 12.893885474652052 15.776925161480904 0 0.87683845
155.5608170684427 26.129063852131367 14.001192796975374 15.453066155314445 7 0.87106025
29.95683599077165 23.64225336909294 13.694702375680208 16.577463448047638 0 0.7803579
182.5312565714121 22.104960441589355 14.481266468763351 14.209127426147461 4 0.6665835
81.70995349623263 24.084324456751347 13.694470684975386 15.251837894320488 2 0.42142254
