---duration
255
---screenLocation
602.0 360.0 790.0 413.0
---digits
84.34734204411507 15.856349721550941 9.339584052562714 12.473830252885818 6 0.9383917
45.269758962094784 15.418860919773579 9.644881919026375 12.184658274054527 0 0.91671014
123.61633553355932 16.33571681380272 9.849026873707771 12.698424220085144 7 0.81755173
144.02779636532068 12.085761964321136 10.7307298630476 11.010157287120819 4 0.78525674
23.747830972075462 15.86519505083561 10.518960148096085 12.275682240724564 0 0.75082743
64.61656387895346 15.203825436532497 10.61873896420002 12.381711676716805 2 0.69473517
