---duration
279
---screenLocation
603.0 484.0 828.0 539.0
---digits
56.97358497418463 24.73361749202013 10.821870993822813 12.127198800444603 0 0.912826
32.951511070132256 24.56190697848797 12.333890050649643 12.87105217576027 0 0.81592184
143.83470648899674 25.193517804145813 12.094883434474468 13.365395069122314 7 0.6502993
168.08180012740195 25.401283390820026 12.22147447988391 13.143897280097008 4 0.4235874
100.95832971855998 26.177704595029354 10.957972146570683 11.727502420544624 6 0.42007974
