---duration
262
---screenLocation
592.0 488.0 808.0 548.0
---digits
54.328575164079666 24.21120598912239 11.29986709356308 13.985725343227386 0 0.91562307
30.01905383169651 24.962106943130493 12.000466793775558 14.224240779876709 0 0.91045874
143.3567786514759 26.18266135454178 11.379367768764496 14.820250868797302 7 0.7741743
98.8034898340702 25.031132251024246 10.76380079984665 14.594086110591888 6 0.7414119
120.3227249532938 25.25966227054596 11.763876646757126 14.561716318130493 3 0.6092786
165.57719966769218 21.07953205704689 12.386210024356842 11.784786880016327 4 0.37739384
76.35378541052341 24.303017556667328 12.35135766863823 14.571931958198547 2 0.30692804
