---duration
248
---screenLocation
549.0 430.0 888.0 519.0
---digits
86.11995307914913 33.94687943905592 16.02033093944192 19.38731713593006 0 0.8973214
150.7965738940984 36.69934883713722 15.692703690379858 19.110033214092255 6 0.8850108
249.6931416671723 30.6165666654706 18.778678838163614 16.96329592168331 4 0.84370035
214.50293664447963 37.52166188508272 17.997889671474695 21.185078606009483 7 0.8234328
50.16831684485078 33.47260458767414 17.540000818669796 20.213012665510178 0 0.42856562
119.56968175247312 34.417740643024445 17.42925187200308 18.52920389175415 2 0.35109457
182.80914820544422 36.70575373619795 16.56482133641839 19.109562411904335 5 0.31928915
