---duration
282
---screenLocation
489.0 397.0 726.0 456.0
---digits
99.16618186421692 20.791351921856403 11.824020143598318 13.071193441748619 6 0.7075111
145.0213726926595 21.28898811340332 11.709533538669348 13.010301351547241 7 0.638441
166.8749648798257 18.884429708123207 13.866746809333563 12.36319288611412 2 0.4674161
119.61394092813134 21.050273202359676 12.801174335181713 12.529961481690407 6 0.41443437
78.27555399946868 19.64973710477352 12.361209813505411 12.894871801137924 2 0.3723231
