---duration
298
---screenLocation
495.0 385.0 832.0 470.0
---digits
97.00928907096386 31.591399051249027 15.770772248506546 17.642244324088097 0 0.8524638
62.82339097186923 30.16834817826748 17.75035560876131 19.52879622578621 0 0.7494729
157.53484260104597 31.842468045651913 15.849287647753954 19.733223989605904 6 0.7056866
251.1236631218344 28.236458376049995 16.51194752380252 16.811622828245163 2 0.42043743
217.6914474479854 32.76549741625786 18.40818712860346 17.723996937274933 7 0.37449715
