---duration
285
---screenLocation
430.0 442.0 679.0 511.0
---digits
187.13270298577845 23.621511921286583 12.972354333847761 14.075956553220749 4 0.823118
62.58444056287408 26.25819707661867 12.719627670943737 15.456022068858147 0 0.77686
111.549236420542 28.61367291212082 12.100037209689617 15.186310887336731 6 0.7628182
160.31476119160652 29.157196685671806 12.515038669109344 15.774530678987503 7 0.712676
35.33239344321191 27.686784982681274 14.214290220290422 15.306418776512146 0 0.5690917
135.46375790052116 28.349683038890362 12.338224712759256 15.464516893029213 5 0.31702495
