---duration
284
---screenLocation
612.0 306.0 882.0 384.0
---digits
67.29181464761496 25.24407371878624 12.746587470173836 16.35971635580063 0 0.827966
38.81850449368358 25.402885034680367 14.373789466917515 16.925132364034653 0 0.7203928
167.70231457427144 27.436938285827637 14.31114848703146 16.767161965370178 7 0.71422786
118.58484461903572 26.783806532621384 12.767784297466278 16.707557380199432 6 0.5946248
93.29415651038289 26.196816086769104 13.522321544587612 15.67061984539032 2 0.5482515
