---duration
266
---screenLocation
367.0 266.0 645.0 343.0
---digits
176.2631955780089 24.946993812918663 14.919889323413372 17.072954803705215 7 0.7614195
71.15761911123991 21.42289910465479 13.490280881524086 15.725191041827202 0 0.73716486
124.80104479566216 23.11603683233261 13.585309319198132 16.6379634141922 6 0.7161824
98.32068178802729 22.393809124827385 14.622229382395744 15.648530513048172 2 0.570523
203.49828999489546 20.63631145656109 16.047924175858498 12.605869501829147 2 0.43603003
150.28240632265806 23.758990831673145 14.092106595635414 16.923207864165306 6 0.33289745
