---duration
272
---screenLocation
537.0 301.0 812.0 377.0
---digits
68.0899831932038 23.72291088104248 12.891242746263742 15.795239448547363 0 0.86988974
169.4066047668457 26.306328922510147 15.185731649398804 16.905273854732513 7 0.85932356
38.852284057065845 23.814559757709503 15.160164330154657 17.136873364448547 0 0.66865844
94.36741815879941 24.94989225268364 13.598533533513546 15.753503859043121 2 0.48524368
119.88769597373903 25.51147335767746 12.849727738648653 16.1051584482193 6 0.4286605
