---duration
251
---screenLocation
611.0 472.0 847.0 532.0
---digits
58.208235785365105 22.10999697446823 10.68050304055214 13.642149567604065 0 0.8660863
80.86169386655092 22.493278831243515 12.262344345450401 13.55017215013504 2 0.8467121
104.32183784991503 24.142332673072815 10.566540822386742 13.320597410202026 6 0.80229133
32.28387785702944 21.97498708963394 12.57269786298275 14.372933506965637 0 0.7364675
176.10353209078312 20.360964238643646 10.937132328748703 12.061720490455627 4 0.6443301
150.69886297732592 24.105494767427444 12.447426900267601 14.351128041744232 7 0.62428874
