---duration
259
---screenLocation
593.0 458.0 852.0 524.0
---digits
190.6355390138924 23.17273311316967 13.440920792520046 12.675665527582169 4 0.78159934
68.87301229313016 25.351249426603317 12.310672126710415 14.295735776424408 0 0.77448064
41.70462033338845 24.461088001728058 14.047868486493826 15.934434056282043 0 0.5197791
116.58002160303295 27.351272106170654 12.211224053055048 13.917964696884155 6 0.4525549
92.39145173504949 25.182208478450775 13.443653248250484 14.429577112197876 2 0.32260075
