---duration
272
---screenLocation
444.0 380.0 660.0 441.0
---digits
56.69971337914467 17.049410477280617 11.271536529064178 13.396395772695541 0 0.8618055
31.71218003332615 17.34663712233305 13.277749747037888 14.289862290024757 0 0.7688392
143.53610859811306 18.304772824048996 11.756980687379837 14.267446160316467 7 0.7514215
100.6095065921545 18.25828805565834 10.882003337144852 13.405545473098755 6 0.7445784
78.52049826085567 17.421322710812092 12.14717772603035 13.172146305441856 2 0.7011408
167.4104148298502 13.626858964562416 12.39810535311699 11.375891774892807 4 0.36567163
