---duration
293
---screenLocation
596.0 445.0 859.0 517.0
---digits
194.14224586822093 24.270320177078247 13.489872019737959 14.733056545257568 4 0.7669123
118.10278110578656 29.007710695266724 12.60407980531454 15.620142459869385 6 0.651269
92.95078427158296 26.416117429733276 13.360715318471193 16.423311710357666 2 0.6317646
67.67119882814586 26.39700561761856 13.030801687389612 16.657255053520203 0 0.6156478
168.3677071891725 29.41418445110321 13.547200210392475 16.54948925971985 7 0.4851776
40.779882246628404 26.255282521247864 13.810846399515867 17.06168818473816 0 0.4505328
