---duration
293
---screenLocation
618.0 473.0 853.0 528.0
---digits
54.19907758012414 20.4717231169343 11.174194030463696 12.00739823281765 0 0.887242
29.81503628194332 20.223651379346848 12.52754345536232 12.73292452096939 0 0.7521004
77.32662717811763 20.397037491202354 11.784231755882502 12.202307730913162 2 0.70059514
168.14219117164612 18.85859277099371 13.072930574417114 10.85532583296299 4 0.6895171
144.2912996094674 22.06393901258707 12.757871691137552 12.814422771334648 7 0.68464863
99.13556843996048 21.898085102438927 11.597899794578552 12.275629192590714 6 0.5948052
