---duration
284
---screenLocation
523.0 450.0 910.0 555.0
---digits
103.63459194079041 42.48497553169727 18.42247199267149 23.992660492658615 0 0.9315116
180.41792574897408 45.901977606117725 18.226633183658123 24.521278962492943 6 0.8866236
62.1892618406564 42.10586607456207 20.850762214511633 25.239792466163635 0 0.8051016
141.04690260998905 43.09756960719824 20.744639609009027 24.577827528119087 2 0.6668573
255.5863001346588 47.00650133192539 21.633383631706238 25.532123297452927 7 0.5812405
295.87725892290473 39.3046248704195 20.203422971069813 20.855706185102463 4 0.43806112
216.60992953553796 45.03033611923456 19.694593839347363 24.7491567581892 5 0.42228493
