---duration
250
---screenLocation
606.0 475.0 833.0 536.0
---digits
97.83322925679386 25.20336651057005 10.725475762039423 14.320898190140724 6 0.62218165
28.498835653066635 25.354374289512634 11.800790190696716 13.97357952594757 0 0.6138463
52.578171852976084 24.332143872976303 11.21132605522871 13.751619756221771 0 0.5963432
75.14497021958232 24.443823665380478 11.739699400961399 13.885136663913727 2 0.53240746
164.75212997198105 21.20562143623829 12.822892665863037 13.155991166830063 4 0.4138216
