---duration
287
---screenLocation
651.0 359.0 848.0 414.0
---digits
88.28837133198977 15.787235386669636 9.248450860381126 12.243891581892967 6 0.90331554
106.5433612652123 15.9921058639884 9.590699754655361 11.872401311993599 6 0.77026397
126.02332459762692 16.340630315244198 9.576174758374691 12.205649092793465 7 0.75985044
145.8340530358255 12.768968120217323 10.509071119129658 9.579978734254837 4 0.75715655
49.995215164497495 15.213548876345158 9.779299404472113 11.802245005965233 0 0.5536939
