---duration
279
---screenLocation
442.0 397.0 907.0 516.0
---digits
308.4943115338683 45.136753879487514 22.926121428608894 24.95830436050892 7 0.8182146
133.9278023969382 42.84103727340698 20.377102587372065 24.223504602909088 0 0.79634154
86.16289160214365 41.250059604644775 23.451385963708162 26.00872278213501 0 0.73781914
178.2392173167318 42.72397695481777 21.513139475136995 24.014876037836075 2 0.5521982
354.2896998859942 40.93037135899067 23.192795924842358 21.240510135889053 2 0.30558914
