---duration
284
---screenLocation
620.0 492.0 879.0 562.0
---digits
69.38319130241871 26.0572250187397 13.133255153894424 15.636341273784637 0 0.7071635
118.69748954288661 28.41850809752941 12.36238906159997 14.410784393548965 6 0.6388436
193.20251763053238 24.458732679486275 12.94945215806365 13.477958887815475 4 0.61788195
166.99087111651897 29.36310686171055 13.078729540109634 14.414996355772018 7 0.51326436
93.39361943304539 26.329892203211784 13.95524576306343 15.540266185998917 2 0.5072751
