---duration
253
---screenLocation
346.0 332.0 721.0 429.0
---digits
106.0662791132927 35.65791705995798 17.632976174354553 20.09470896422863 0 0.8205855
284.3480708543211 32.71706894785166 19.546940457075834 18.892241284251213 4 0.72236896
247.0573391765356 37.213230922818184 20.09103074669838 20.354164868593216 7 0.6987648
141.865863930434 34.7872481867671 19.651726819574833 21.217363849282265 2 0.435206
67.64322496019304 33.971576541662216 19.939534831792116 21.946931540966034 0 0.3418857
175.96682393923402 36.07264497131109 19.425119273364544 21.641436353325844 6 0.3109985
