---duration
254
---screenLocation
657.0 353.0 847.0 405.0
---digits
21.37790709733963 15.355180382728577 11.377911269664764 13.117382049560547 0 0.84264237
79.76211400702596 17.262826204299927 9.361547790467739 11.576079368591309 6 0.8363289
97.64994217082858 16.983123302459717 10.23085568100214 12.172814846038818 6 0.7709173
138.04213341325521 13.872991800308228 11.212713792920113 10.110031127929688 4 0.67774487
117.15365942567587 17.060386955738068 10.56826002895832 12.60704505443573 7 0.5553953
42.95415783300996 15.693572759628296 9.437727443873882 11.780165195465088 0 0.4536273
