---duration
289
---screenLocation
592.0 486.0 810.0 547.0
---digits
54.87355586886406 24.462680719792843 11.307534039020538 14.53570981323719 0 0.94005936
29.582114454358816 24.946179121732712 12.113193459808826 14.912499129772186 0 0.9072609
145.24013061076403 26.466780975461006 11.857560500502586 15.634514659643173 7 0.8080909
169.22782119363546 21.375134497880936 12.636185482144356 12.387036383152008 4 0.7505284
169.08730163797736 30.706850856542587 12.514312453567982 11.639018833637238 5 0.51876354
100.67984417080879 25.720305040478706 10.534753024578094 14.697271198034286 6 0.4564635
