---duration
254
---screenLocation
547.0 435.0 874.0 520.0
---digits
85.72049940750003 33.68992827832699 16.060729958117008 18.865372091531754 0 0.9375411
149.81060956791043 35.46325195580721 15.099004290997982 18.93869422376156 6 0.8567388
51.42213633097708 34.15034070611 17.335353534668684 19.42290097475052 0 0.85003424
117.98496272787452 34.697391018271446 16.902699775993824 18.49733904004097 2 0.7562334
214.14939450100064 37.22483742982149 17.636423014104366 19.884721860289574 7 0.71326995
247.80200935341418 29.733928255736828 18.014936428517103 16.635736599564552 4 0.5899047
181.40204374864697 35.712211430072784 16.28294851630926 18.829732537269592 5 0.47636977
