---duration
266
---screenLocation
591.0 362.0 785.0 416.0
---digits
42.82596693187952 17.72356027364731 10.473712906241417 12.536126732826233 0 0.7713788
120.4905968233943 18.4723938703537 10.58212174475193 13.103581309318542 7 0.5379673
141.78956144303083 14.610959574580193 12.373947754502296 8.430678874254227 2 0.5024431
21.465077221393585 17.805954918265343 11.016674935817719 13.068368464708328 0 0.37839586
82.1388356871903 17.967428997159004 10.938289485871792 12.91548416018486 6 0.34926155
