---duration
289
---screenLocation
341.0 336.0 716.0 431.0
---digits
105.56624690070748 34.81780342757702 16.95165317505598 19.568765610456467 0 0.84604114
244.80310804210603 35.870130620896816 18.914148677140474 20.398614779114723 7 0.7869747
282.7947561163455 31.496935933828354 17.13836705312133 19.000853896141052 4 0.73373836
174.06557709909976 35.31534515321255 18.427039962261915 21.133552938699722 6 0.682461
67.72999791428447 33.70525900274515 18.64494848996401 21.210300251841545 0 0.54950887
