---duration
264
---screenLocation
670.0 321.0 932.0 393.0
---digits
116.87066808342934 22.959358870983124 12.302527368068695 15.481462597846985 6 0.82270706
166.8007441535592 23.501445651054382 14.044251725077629 16.5291645526886 7 0.79490316
66.44837621599436 21.20829427242279 12.448753640055656 15.101182222366333 0 0.702341
38.809420607984066 21.537770926952362 13.994048848748207 15.805984139442444 0 0.63990223
91.46847432106733 21.92874151468277 14.388472691178322 15.286144137382507 2 0.61716795
192.34860834106803 19.962980031967163 15.11285287886858 11.468348979949951 4 0.47265795
140.7578488215804 22.956165969371796 13.745271518826485 16.21629774570465 6 0.41142556
