---duration
282
---screenLocation
541.0 417.0 786.0 478.0
---digits
66.65544917806983 25.063917204737663 11.826623268425465 13.29023888707161 0 0.8632126
112.17551300302148 25.660723820328712 11.113869659602642 13.346998661756516 6 0.7851795
157.03099897131324 27.011316768825054 11.91847700625658 13.566634193062782 7 0.705763
40.832749512046576 24.862698331475258 13.697533495724201 14.728765219449997 0 0.6984267
180.4982339311391 22.310506388545036 12.8021284006536 11.094343513250351 4 0.6508334
88.3985979668796 25.298003554344177 12.730082906782627 12.9007248878479 2 0.31702965
