---duration
263
---screenLocation
548.0 432.0 883.0 519.0
---digits
85.07072716020048 35.08205460011959 16.471650023013353 18.979111343622208 0 0.94508904
49.24622297286987 35.80607123672962 17.815243154764175 20.081503361463547 0 0.891702
217.28325663134456 38.35238888114691 17.741041220724583 20.137281015515327 7 0.8483378
150.91965346597135 36.916790686547756 15.818591136485338 19.155345395207405 6 0.811489
252.54038957878947 31.281677685678005 17.702663578093052 17.256377175450325 4 0.7946765
118.36358860135078 35.76816511899233 17.22840666770935 19.316781029105186 2 0.43140826
183.60992401838303 36.61496000736952 16.320122480392456 19.532426968216896 5 0.36364126
