---duration
242
---screenLocation
507.0 367.0 799.0 446.0
---digits
81.61522979289293 28.18427388370037 14.502676114439964 17.801269739866257 0 0.9447433
49.106681406497955 25.64838981628418 16.56121850013733 20.875296413898468 0 0.7556645
110.71975481510162 28.41428478807211 14.854997634887695 17.593138709664345 2 0.7420779
227.16456545889378 25.554826617240906 15.217776030302048 17.233569025993347 4 0.7068618
194.9521610364318 31.547145150601864 15.372675493359566 17.314007714390755 7 0.62600195
138.89713368564844 29.420877307653427 15.209418579936028 18.772474110126495 6 0.45233393
