---duration
257
---screenLocation
636.0 312.0 895.0 389.0
---digits
69.60980759561062 22.6850578635931 12.734347492456436 17.556368321180344 0 0.9456939
41.18689860776067 23.187685564160347 14.389175556600094 17.849191278219223 0 0.850682
119.60672962479293 25.110181845724583 12.126000765711069 17.420679196715355 6 0.8365264
94.66753959842026 22.997848838567734 13.993975814431906 17.590292036533356 2 0.77341145
170.37575757876039 25.65091549605131 15.029041044414043 17.970629826188087 7 0.72891337
144.04606839828193 25.056004986166954 13.808961931616068 17.69586792588234 5 0.5629805
197.28796927072108 20.571527555584908 12.832840364426374 12.961037009954453 4 0.46343878
