---duration
254
---screenLocation
378.0 328.0 736.0 423.0
---digits
96.86360678449273 30.737350583076477 19.462765268981457 22.47760981321335 0 0.78320974
267.20422584563494 31.329245567321777 19.56817327439785 22.755414843559265 4 0.6817012
164.67971958592534 32.94334214180708 17.1288228854537 20.93748666346073 6 0.5535584
60.15410828590393 29.307119846343994 19.354753971099854 24.69182252883911 0 0.4359982
232.94704418629408 33.383363373577595 17.984320536255836 21.89302645623684 7 0.37698188
