---duration
282
---screenLocation
292.0 324.0 664.0 426.0
---digits
100.99840215593576 34.46633478999138 18.513694927096367 22.608802020549774 0 0.90219074
245.09604258835316 38.634396493434906 19.177318185567856 22.214702367782593 7 0.88817525
173.46325613558292 36.60732154548168 18.01433703303337 22.57240453362465 6 0.8177339
60.235136568546295 33.57250267267227 19.810103058815002 23.732274055480957 0 0.8059031
207.65368223190308 36.741697534918785 20.104326725006104 22.437703281641006 5 0.63388646
283.0063833743334 33.45555026829243 19.404502004384995 20.34177526831627 4 0.57546383
