---duration
282
---screenLocation
516.0 372.0 802.0 452.0
---digits
76.43511720374227 29.99007761478424 13.758888088166714 17.702430486679077 0 0.9169393
215.60151551291347 27.01641321182251 15.363658227026463 15.284647941589355 4 0.8653042
45.119447857141495 28.92867386341095 15.418503522872925 19.737199544906616 0 0.7980146
104.38934215903282 30.310255885124207 14.523036897182465 17.40052819252014 2 0.69340956
132.51202965527773 32.33493447303772 12.787960037589073 17.122008800506592 6 0.48920503
187.62367576733232 33.06958317756653 13.968901984393597 17.788827419281006 7 0.46126944
