---duration
249
---screenLocation
306.0 344.0 677.0 433.0
---digits
278.6561187822372 29.513529524207115 20.521192964166403 18.80978873372078 4 0.7267302
100.56714820861816 30.99600935727358 20.495025992393494 20.747670218348503 0 0.6275077
60.417536567896605 28.3739203363657 22.42221040278673 24.263227075338364 0 0.47654244
137.68179054558277 31.809816800057888 18.775062769651413 19.096443608403206 2 0.44977477
244.895300520584 34.011932365596294 18.67815527692437 18.75893546640873 7 0.44558492
205.44451342895627 33.119164764881134 21.09469785541296 20.635119318962097 5 0.3202285
