---duration
277
---screenLocation
453.0 376.0 836.0 478.0
---digits
179.39272404275835 40.43092109262943 18.560369480401278 22.293320149183273 6 0.7214825
106.13291282579303 37.78939251601696 18.559848703444004 21.705947667360306 0 0.6965947
63.156325191259384 35.684008330106735 22.09831553697586 25.677219450473785 0 0.6524098
254.59305221773684 42.26919861137867 18.92120085284114 22.441597312688828 7 0.47720367
290.55925934016705 49.51569704711437 19.617727905511856 16.959175497293472 5 0.42501655
290.9907152019441 33.5009441524744 19.93678868561983 19.47850415110588 2 0.3231673
